    0.000216262363356669,
    0.000325195200422659,
    0.000405162616015671,
    0.000412015941117850,
    0.000294277249481227,
    0.000000000000000000,
    -0.000513962583920265,
    -0.001271123528232815,
    -0.002264232914284649,
    -0.003445434213970985,
    -0.004719410204373423,
    -0.005941119316929692,
    -0.006919365394084586,
    -0.007426862362375324,
    -0.007216695345195526,
    -0.006044231406049094,
    -0.003692703879403036,
    0.000000000000000002,
    0.005116269883918337,
    0.011638468360576491,
    0.019436192569835697,
    0.028263285246644516,
    0.037765844503286898,
    0.047501326597710253,
    0.056967592879511531,
    0.065639572134128021,
    0.073010242634028819,
    0.078632012966136797,
    0.082154386412083405,
    0.083354067181129199,
    0.082154386412083405,
    0.078632012966136797,
    0.073010242634028819,
    0.065639572134128021,
    0.056967592879511531,
    0.047501326597710253,
    0.037765844503286898,
    0.028263285246644516,
    0.019436192569835697,
    0.011638468360576491,
    0.005116269883918337,
    0.000000000000000002,
    -0.003692703879403036,
    -0.006044231406049094,
    -0.007216695345195526,
    -0.007426862362375324,
    -0.006919365394084586,
    -0.005941119316929702,
    -0.004719410204373423,
    -0.003445434213970985,
    -0.002264232914284652,
    -0.001271123528232815,
    -0.000513962583920265,
    0.000000000000000000,
    0.000294277249481227,
    0.000412015941117850,
    0.000405162616015671,
    0.000325195200422659,
    0.000216262363356669
    