
    0.000108141361278170,
    0.000136016459732696,
    0.000162612907345484,
    0.000185680194495726,
    0.000202600379256457,
    0.000210440490484577,
    0.000206027364397692,
    0.000186044856865881,
    0.000147152476548176,
    0.000086123540812205,
    0.000000000000000000,
    -0.000113739858042901,
    -0.000257005484488843,
    -0.000430915363162617,
    -0.000635621596667285,
    -0.000870144358338704,
    -0.001132223035950782,
    -0.001418190779202352,
    -0.001722879285651313,
    -0.002039560016106402,
    -0.002359927247670523,
    -0.002674127582729575,
    -0.002970839310533195,
    -0.003237403652440214,
    -0.003460008395743311,
    -0.003623922777418792,
    -0.003713780768076966,
    -0.003713908182729151,
    -0.003608687366798851,
    -0.003382951632307124,
    -0.003022400208641101,
    -0.002514023279992430,
    -0.001846525757499577,
    -0.001010737821286919,
    0.000000000000000001,
    0.001189489343297213,
    0.002558375767867376,
    0.004103910541108152,
    0.005819782010011204,
    0.007696024543709229,
    0.009719011158220848,
    0.011871533806376084,
    0.014132972993199707,
    0.016479555927039428,
    0.018884699912714520,
    0.021319435211811760,
    0.023752899214938235,
    0.026152891567698722,
    0.028486477938700291,
    0.030720628479651665,
    0.032822875761300684,
    0.034761976120208253,
    0.036508557953155538,
    0.038035740567307776,
    0.039319707739328608,
    0.040340221144572398,
    0.041081060262543774,
    0.041530377207118482,
    0.041680957116763798,
    0.041530377207118482,
    0.041081060262543774,
    0.040340221144572398,
    0.039319707739328608,
    0.038035740567307776,
    0.036508557953155538,
    0.034761976120208253,
    0.032822875761300684,
    0.030720628479651665,
    0.028486477938700291,
    0.026152891567698722,
    0.023752899214938235,
    0.021319435211811778,
    0.018884699912714520,
    0.016479555927039428,
    0.014132972993199707,
    0.011871533806376084,
    0.009719011158220848,
    0.007696024543709229,
    0.005819782010011204,
    0.004103910541108152,
    0.002558375767867376,
    0.001189489343297213,
    0.000000000000000001,
    -0.001010737821286919,
    -0.001846525757499577,
    -0.002514023279992430,
    -0.003022400208641101,
    -0.003382951632307124,
    -0.003608687366798851,
    -0.003713908182729151,
    -0.003713780768076966,
    -0.003623922777418797,
    -0.003460008395743311,
    -0.003237403652440214,
    -0.002970839310533201,
    -0.002674127582729575,
    -0.002359927247670523,
    -0.002039560016106403,
    -0.001722879285651313,
    -0.001418190779202352,
    -0.001132223035950784,
    -0.000870144358338704,
    -0.000635621596667285,
    -0.000430915363162617,
    -0.000257005484488843,
    -0.000113739858042901,
    0.000000000000000000,
    0.000086123540812205,
    0.000147152476548176,
    0.000186044856865881,
    0.000206027364397692,
    0.000210440490484577,
    0.000202600379256457,
    0.000185680194495726,
    0.000162612907345485,
    0.000136016459732696,
    0.000108141361278170